1 0.7086953281756219
1 0.7741519293621638
1 0.6643756502373583
1 0.7354960391720397
1 0.8595282683269952
1 0.7673198375975729
1 0.713796513762692
1 0.7150262460955014
1 0.8548419529950286
1 0.833693960170367
1 0.6657606871038975
1 0.8463486773681588
1 0.8397630978737649
0 0.5707746371262329
0 0.6960452389977921
0 0.6014142887617516
0 0.6531153207700254
0 0.72910879605755
1 0.5785899843579042
0 0.5818254422232262
1 0.8091318754945914
1 0.9118980700272493
1 0.7223533606135882
1 0.7145552740211721
1 0.8355215236955165
1 0.8087367305993344
1 0.8219208788800718
1 0.8121163350688037
1 0.7776845581911465
1 0.798140098583618
1 0.727612375924121
0 0.7607914657232903
0 0.7314858402029882
0 0.7200535283095264
0 0.7398614018349103
0 0.7051697519059829
0 0.7292150630133704
1 0.6534589378720426
1 0.8847264413092575
1 0.792079366213816
1 0.8252175988044069
1 0.7084920696936321
1 0.6927325774406196
1 0.8531990327455525
1 0.7968256339388501
1 0.7558850973530902
1 0.7579612730563461
1 0.7345945701092844
1 0.863447800534888
0 0.5815120407361399
0 0.6681179147169743
0 0.5838609780343323
0 0.4167115808456598
0 0.4210134687872399
0 0.5873091339160629
1 0.7314326017638105
1 0.8394758497792144
1 0.8656387076291508
1 0.7318846412771074
